1.100E-03	2.180E+00	1.000E-06	1.000E+00	1.720E-04	7.780E-04	8.700E-01	8.000E-01
1.980E-02	1.780E+01	3.000E-06	1.000E+00	3.980E-03	4.020E-03	9.800E-01	4.100E-01
1.620E-02	1.490E+01	3.000E-06	1.000E+00	3.340E-03	3.510E-03	9.600E-01	4.000E-01
7.200E-03	5.330E+00	3.000E-06	1.000E+00	1.530E-03	1.500E-03	9.900E-01	2.500E-01
9.000E-03	7.570E+00	3.000E-06	1.000E+00	1.900E-03	2.160E-03	9.500E-01	3.400E-01
1.620E-02	1.490E+01	3.000E-06	1.000E+00	3.270E-03	3.610E-03	9.200E-01	4.400E-01
4.500E-03	3.500E+00	3.000E-06	1.000E+00	7.710E-04	1.960E-03	8.200E-01	6.200E-01
9.000E-03	7.330E+00	3.000E-06	1.000E+00	1.480E-03	3.610E-03	8.700E-01	6.700E-01
1.620E-02	1.270E+01	3.000E-06	1.000E+00	2.360E-03	5.720E-03	9.200E-01	7.400E-01
2.100E-03	5.090E+00	3.000E-06	3.000E+00	4.180E-04	1.120E-03	6.800E-01	4.700E-01
3.600E-03	2.950E+00	3.000E-06	1.000E+00	5.520E-04	2.110E-03	8.900E-01	7.600E-01
1.500E-03	3.570E+00	3.000E-06	3.000E+00	2.680E-04	1.080E-03	8.100E-01	6.000E-01
5.000E-02	1.440E+01	1.000E-05	1.000E+00	8.490E-03	7.830E-03	9.600E-01	3.900E-01
3.500E-02	1.130E+01	1.000E-05	1.000E+00	5.930E-03	7.730E-03	9.600E-01	4.500E-01
1.100E-02	2.920E+00	1.000E-05	1.000E+00	1.970E-03	1.910E-03	9.800E-01	2.100E-01
1.500E-02	4.060E+00	1.000E-05	1.000E+00	2.540E-03	3.410E-03	9.500E-01	3.300E-01
3.500E-02	1.080E+01	1.000E-05	1.000E+00	5.370E-03	8.860E-03	9.500E-01	5.600E-01
5.000E-02	1.350E+01	1.000E-05	1.000E+00	6.930E-03	1.030E-02	9.600E-01	5.800E-01
1.500E-02	4.610E+00	1.000E-05	1.000E+00	2.350E-03	5.030E-03	8.900E-01	5.700E-01
3.500E-02	9.580E+00	1.000E-05	1.000E+00	4.560E-03	9.350E-03	9.400E-01	6.600E-01
8.000E-03	2.470E+00	1.000E-05	1.000E+00	1.190E-03	3.310E-03	8.600E-01	6.500E-01
1.170E-02	9.120E+00	1.000E-05	3.000E+00	1.480E-03	5.440E-03	9.400E-01	6.700E-01
7.500E-03	2.650E+00	1.000E-05	1.000E+00	1.050E-03	4.140E-03	8.800E-01	7.500E-01
1.000E-02	3.550E+00	1.000E-05	1.000E+00	1.220E-03	6.200E-03	8.900E-01	8.100E-01
1.500E-02	5.410E+00	1.000E-05	1.000E+00	1.790E-03	8.950E-03	8.900E-01	8.000E-01
2.000E-02	6.650E+00	1.000E-05	1.000E+00	2.340E-03	1.030E-02	8.700E-01	7.900E-01
4.000E-02	1.070E+01	1.000E-05	1.000E+00	4.440E-03	1.210E-02	8.300E-01	7.000E-01
6.300E-02	7.480E+00	3.000E-05	1.000E+00	1.010E-02	9.380E-03	9.600E-01	3.100E-01
4.500E-02	5.630E+00	3.000E-05	1.000E+00	7.090E-03	9.070E-03	9.700E-01	3.600E-01
7.200E-02	8.300E+00	3.000E-05	1.000E+00	1.090E-02	1.130E-02	9.400E-01	3.800E-01
7.200E-02	7.320E+00	3.000E-05	1.000E+00	8.950E-03	1.380E-02	9.500E-01	5.400E-01
2.250E-02	2.750E+00	3.000E-05	1.000E+00	2.910E-03	7.510E-03	9.000E-01	6.100E-01
7.500E-02	3.180E+00	3.000E-05	3.000E-01	8.360E-03	2.240E-02	8.500E-01	7.600E-01
1.800E-01	3.010E+00	3.000E-05	1.000E-01	2.130E-02	3.670E-02	7.300E-01	6.900E-01
7.200E-02	7.180E+00	3.000E-05	1.000E+00	8.090E-03	1.560E-02	9.000E-01	6.200E-01
1.080E-01	9.670E+00	3.000E-05	1.000E+00	1.170E-02	1.690E-02	8.700E-01	5.700E-01
2.700E-02	3.640E+00	3.000E-05	1.000E+00	3.030E-03	1.340E-02	8.300E-01	7.600E-01
7.200E-02	7.320E+00	3.000E-05	1.000E+00	7.530E-03	1.810E-02	7.800E-01	6.300E-01
1.080E-01	9.850E+00	3.000E-05	1.000E+00	1.110E-02	1.910E-02	7.400E-01	5.600E-01
5.400E-03	2.130E+00	3.000E-05	3.000E+00	8.610E-04	2.030E-03	8.100E-01	3.700E-01
7.500E-02	3.250E+00	1.000E-04	1.000E+00	1.000E-02	1.220E-02	9.700E-01	3.200E-01
7.500E-02	3.060E+00	1.000E-04	1.000E+00	8.430E-03	1.680E-02	9.500E-01	5.200E-01
1.500E-01	5.280E+00	1.000E-04	1.000E+00	1.710E-02	1.950E-02	8.700E-01	4.200E-01
7.500E-02	3.260E+00	1.000E-04	1.000E+00	8.270E-03	1.890E-02	8.600E-01	5.900E-01
1.500E-01	5.400E+00	1.000E-04	1.000E+00	1.650E-02	2.130E-02	7.500E-01	4.500E-01
3.200E-01	2.140E+00	1.000E-04	1.000E-01	3.610E-02	5.300E-02	6.600E-01	5.800E-01
1.033E-01	8.260E+00	1.000E-04	3.000E+00	9.800E-03	1.560E-02	8.000E-01	4.200E-01
1.500E-01	5.460E+00	1.000E-04	1.000E+00	1.570E-02	2.410E-02	7.000E-01	4.900E-01
7.500E-02	3.470E+00	1.000E-04	1.000E+00	8.290E-03	2.110E-02	7.400E-01	5.900E-01
1.500E-02	5.220E+00	1.000E-04	1.000E+01	1.890E-03	5.130E-03	9.600E-01	2.800E-01
1.500E-01	5.430E+00	1.000E-04	1.000E+00	1.510E-02	2.640E-02	6.300E-01	4.800E-01
6.670E-02	6.420E+00	1.000E-04	3.000E+00	6.560E-03	1.610E-02	7.400E-01	5.000E-01
8.330E-02	7.410E+00	1.000E-04	3.000E+00	7.950E-03	1.670E-02	7.000E-01	4.600E-01
1.500E-01	5.440E+00	1.000E-04	1.000E+00	1.450E-02	2.910E-02	5.500E-01	4.600E-01
7.500E-03	3.100E+00	1.000E-04	1.000E+01	8.530E-04	5.380E-03	9.300E-01	5.400E-01
1.500E-02	5.110E+00	1.000E-04	1.000E+01	1.570E-03	7.610E-03	8.800E-01	4.900E-01
3.100E-02	8.100E+00	1.000E-04	1.000E+01	2.820E-03	9.540E-03	8.200E-01	4.600E-01
1.125E-01	2.180E+00	3.000E-04	1.000E+00	1.230E-02	2.090E-02	9.200E-01	4.200E-01
1.125E-01	2.200E+00	3.000E-04	1.000E+00	1.150E-02	2.480E-02	8.000E-01	5.000E-01
3.750E-01	2.350E+00	3.000E-04	3.000E-01	4.110E-02	4.580E-02	5.300E-01	4.300E-01
1.890E-01	3.110E+00	3.000E-04	1.000E+00	1.990E-02	2.710E-02	6.700E-01	3.900E-01
2.250E-01	3.510E+00	3.000E-04	1.000E+00	2.450E-02	2.400E-02	6.300E-01	3.000E-01
2.430E-01	3.720E+00	3.000E-04	1.000E+00	2.770E-02	1.980E-02	5.900E-01	2.200E-01
9.900E-02	3.920E+00	3.000E-04	3.000E+00	9.700E-03	1.790E-02	8.600E-01	3.500E-01
9.900E-02	4.140E+00	3.000E-04	3.000E+00	9.650E-03	2.030E-02	6.200E-01	3.800E-01
2.430E-01	3.640E+00	3.000E-04	1.000E+00	2.380E-02	3.280E-02	5.700E-01	3.800E-01
